0.333333 0.666667 1.000000 0.666667 0.333333 
0.333333 0.666667 1.000000 0.666667 0.333333 
0.333333 0.666667 1.000000 0.750000 0.500000 0.250000 
0.250000 0.500000 0.750000 1.000000 0.666667 0.333333 
0.333333 0.666667 1.000000 0.750000 0.500000 0.250000 
0.250000 0.500000 0.750000 1.000000 0.750000 0.500000 0.250000 
0.250000 0.500000 0.750000 1.000000 0.750000 0.500000 0.250000 
0.250000 0.500000 0.750000 1.000000 0.800000 0.600000 0.400000 0.200000 
0.200000 0.400000 0.600000 0.800000 1.000000 0.800000 0.600000 0.400000 0.200000 
0.200000 0.400000 0.600000 0.800000 1.000000 0.800000 0.600000 0.400000 0.200000 
0.200000 0.400000 0.600000 0.800000 1.000000 0.800000 0.600000 0.400000 0.200000 
0.200000 0.400000 0.600000 0.800000 1.000000 0.833333 0.666667 0.500000 0.333333 0.166667 
0.166667 0.333333 0.500000 0.666667 0.833333 1.000000 0.833333 0.666667 0.500000 0.333333 0.166667 
0.166667 0.333333 0.500000 0.666667 0.833333 1.000000 0.857143 0.714286 0.571429 0.428571 0.285714 0.142857 
0.142857 0.285714 0.428571 0.571429 0.714286 0.857143 1.000000 0.857143 0.714286 0.571429 0.428571 0.285714 0.142857 
0.142857 0.285714 0.428571 0.571429 0.714286 0.857143 1.000000 0.857143 0.714286 0.571429 0.428571 0.285714 0.142857 
0.142857 0.285714 0.428571 0.571429 0.714286 0.857143 1.000000 0.875000 0.750000 0.625000 0.500000 0.375000 0.250000 0.125000 
0.125000 0.250000 0.375000 0.500000 0.625000 0.750000 0.875000 1.000000 0.888889 0.777778 0.666667 0.555556 0.444444 0.333333 0.222222 0.111111 
0.111111 0.222222 0.333333 0.444444 0.555556 0.666667 0.777778 0.888889 1.000000 0.888889 0.777778 0.666667 0.555556 0.444444 0.333333 0.222222 0.111111 
0.111111 0.222222 0.333333 0.444444 0.555556 0.666667 0.777778 0.888889 1.000000 0.888889 0.777778 0.666667 0.555556 0.444444 0.333333 0.222222 0.111111 
0.111111 0.222222 0.333333 0.444444 0.555556 0.666667 0.777778 0.888889 1.000000 0.909091 0.818182 0.727273 0.636364 0.545455 0.454545 0.363636 0.272727 0.181818 0.090909 
0.090909 0.181818 0.272727 0.363636 0.454545 0.545455 0.636364 0.727273 0.818182 0.909091 1.000000 0.909091 0.818182 0.727273 0.636364 0.545455 0.454545 0.363636 0.272727 0.181818 0.090909 
0.000000 0.000000 0.000000 0.000000 0.000000 0.000000 0.000000 0.000000 0.000000 0.000000 0.000000 0.000000 0.000000 0.000000 0.000000 0.000000 0.000000 0.000000 0.000000 0.000000 0.000000 0.000000 0.000000 0.000000 0.000000 0.000000 0.000000 0.000000 0.000000 0.000000 0.000000 0.000000 0.000000 0.000000 0.000000 0.000000 0.000000 0.000000 0.000000 0.000000 0.000000 0.000000 0.000000 0.000000 0.000000 0.000000 0.000000 0.000000 0.000000 0.000000 0.000000 0.000000 0.000000 0.000000 0.000000 0.000000 0.000000 0.000000 0.000000 0.000000 0.000000 0.000000 0.000000 0.000000 0.000000 0.000000 0.000000 0.000000 0.000000 0.000000 0.000000 0.000000 0.000000 0.000000 0.000000 0.000000 0.000000 0.000000 0.000000 0.000000 0.000000 0.000000 0.000000 0.000000 0.000000 0.000000 0.000000 0.000000 0.000000 0.000000 0.000000 0.000000 0.000000 0.000000 0.000000 0.000000 0.000000 0.000000 0.000000 0.000000 0.000000 0.000000 0.000000 0.000000 0.000000 -42201683186052844000000000000000000000.000000 0.090909 0.181818 0.272727 0.363636 0.454545 0.545455 0.636364 0.727273 0.818182 0.909091 1.000000 0.916667 0.833333 0.750000 0.666667 0.583333 0.500000 0.416667 0.333333 0.250000 0.166667 0.083333 
